0.0 0.0
0.7853981633974483 0.7071067811865475
1.5707963267948966 1.0
2.356194490192345 0.7071067811865476
3.141592653589793 1.2246467991473532e-16
3.9269908169872414 -0.7071067811865475
4.71238898038469 -1.0
5.497787143782138 -0.7071067811865477
6.283185307179586 -2.4492935982947064e-16
7.0685834705770345 0.7071067811865474
7.853981633974483 1.0
8.63937979737193 0.7071067811865483
9.42477796076938 3.6739403974420594e-16
10.210176124166829 -0.7071067811865479
10.995574287564276 -1.0
11.780972450961723 -0.7071067811865485
12.566370614359172 -4.898587196589413e-16
13.351768777756622 0.7071067811865478
14.137166941154069 1.0
14.922565104551516 0.7071067811865486
15.707963267948966 6.123233995736766e-16
16.493361431346415 -0.7071067811865477
17.27875959474386 -1.0
18.06415775814131 -0.7071067811865487
18.84955592153876 -7.347880794884119e-16
19.634954084936208 0.7071067811865476
20.420352248333657 1.0
21.205750411731103 0.7071067811865487
21.991148575128552 8.572527594031472e-16
22.776546738526 -0.7071067811865476
23.561944901923447 -1.0
