0.0 1.0
0.7853981633974483 0.7071067811865476
1.5707963267948966 6.123233995736766e-17
2.356194490192345 -0.7071067811865475
3.141592653589793 -1.0
3.9269908169872414 -0.7071067811865477
4.71238898038469 -1.8369701987210297e-16
5.497787143782138 0.7071067811865474
6.283185307179586 1.0
7.0685834705770345 0.7071067811865477
7.853981633974483 3.061616997868383e-16
8.63937979737193 -0.7071067811865467
9.42477796076938 -1.0
10.210176124166829 -0.7071067811865471
10.995574287564276 -4.286263797015736e-16
11.780972450961723 0.7071067811865466
12.566370614359172 1.0
13.351768777756622 0.7071067811865472
14.137166941154069 5.51091059616309e-16
14.922565104551516 -0.7071067811865465
15.707963267948966 -1.0
16.493361431346415 -0.7071067811865474
17.27875959474386 -2.4499125789312946e-15
18.06415775814131 0.7071067811865464
18.84955592153876 1.0
19.634954084936208 0.7071067811865475
20.420352248333657 -9.803364199544708e-16
21.205750411731103 -0.7071067811865464
21.991148575128552 -1.0
22.776546738526 -0.7071067811865476
23.561944901923447 -2.6948419387607653e-15
